kmean:  [3, 5, 7, 9, 11, 13, 15, 17, 19, 21, 23, 25, 27, 29, 31, 33, 35, 37, 39, 41, 43, 45, 47, 49, 51, 53, 55, 57, 59, 61, 63, 65, 67, 69, 71, 73, 75, 77, 79, 81, 83, 85, 87, 89, 91, 93, 95, 97, 99]
accuracy:  [0.6, 0.5692307692307692, 0.5384615384615384, 0.5384615384615384, 0.5230769230769231, 0.5230769230769231, 0.5384615384615384, 0.5384615384615384, 0.5230769230769231, 0.5076923076923077, 0.49230769230769234, 0.5230769230769231, 0.5384615384615384, 0.5076923076923077, 0.5230769230769231, 0.5538461538461539, 0.5538461538461539, 0.5230769230769231, 0.5384615384615384, 0.5230769230769231, 0.5230769230769231, 0.49230769230769234, 0.5076923076923077, 0.49230769230769234, 0.5076923076923077, 0.5230769230769231, 0.5076923076923077, 0.5230769230769231, 0.46153846153846156, 0.47692307692307695, 0.47692307692307695, 0.47692307692307695, 0.46153846153846156, 0.46153846153846156, 0.4461538461538462, 0.4307692307692308, 0.4307692307692308, 0.4307692307692308, 0.4153846153846154, 0.4153846153846154, 0.4153846153846154, 0.4153846153846154, 0.4307692307692308, 0.4153846153846154, 0.36923076923076925, 0.36923076923076925, 0.35384615384615387, 0.3230769230769231, 0.26153846153846155]
